214
698
2000
1034
2000
194
662
2000
704
622
580
1678
390
2000
2000
2000
125
1610
2000
1219
2000
948
1656
2000
428
898
2000
2000
479
2000
607
574
2000
2000
2000
657
2000
2000
834
2000
2000
528
259
2000
2000
1148
2000
1106
2000
914
2000
501
1894
2000
2000
1835
1940
708
2000
836
2000
2000
2000
720
884
2000
925
2000
2000
789
2000
2000
1026
1662
554
1345
493
2000
2000
2000
2000
1586
241
483
890
515
2000
1819
1059
2000
893
690
867
2000
162
311
839
926
2000
258
2000
1347
2000
849
2000
2000
2000
2000
2000
2000
2000
2000
2000
193
1580
2000
2000
328
2000
2000
2000
2000
799
2000
619
783
2000
2000
326
2000
2000
1893
2000
827
2000
2000
2000
1309
995
2000
2000
2000
1134
636
525
1440
2000
1654
2000
2000
2000
903
2000
2000
2000
253
1344
393
2000
2000
2000
1004
140
2000
2000
451
402
503
2000
2000
941
2000
2000
2000
2000
2000
795
2000
2000
782
1314
2000
271
2000
982
2000
845
2000
2000
1362
2000
622
2000
2000
139
995
310
2000
2000
1161
1052
1604
2000
859
2000
318
2000
2000
512
2000
821
2000
257
2000
1434
1180
1118
844
2000
1845
104
2000
2000
2000
236
330
2000
2000
1267
2000
1521
2000
763
1512
2000
414
2000
2000
1873
316
2000
695
1449
2000
621
644
2000
2000
181
1302
295
244
2000
169
2000
383
1733
222
644
1431
243
948
426
1005
1732
250
2000
2000
2000
564
506
1404
723
270
557
463
2000
1104
2000
506
624
2000
403
265
2000
2000
358
2000
1014
1167
280
321
1314
2000
419
775
580
359
1655
687
1849
1217
556
1192
2000
2000
2000
2000
2000
2000
2000
1331
2000
979
2000
1151
2000
819
2000
327
344
2000
1471
199
894
1899
453
891
2000
1529
2000
214
2000
1000
1767
2000
2000
1365
1610
128
2000
2000
2000
567
459
484
2000
209
2000
220
900
2000
417
917
934
782
664
1494
1621
2000
1082
543
2000
545
2000
2000
167
1275
687
2000
335
1152
506
356
761
712
1555
2000
1002
422
1250
2000
956
2000
2000
853
428
1434
977
713
2000
2000
791
782
184
412
2000
2000
2000
560
2000
443
2000
1513
2000
2000
330
2000
495
2000
2000
2000
169
424
1848
2000
762
1904
2000
778
653
1908
1421
1400
528
1462
1939
427
352
491
513
2000
1438
2000
689
2000
882
2000
2000
2000
1696
2000
1179
298
1460
1305
2000
349
1483
872
1373
2000
930
312
1266
2000
2000
788
1238
2000
820
2000
1074
674
2000
445
2000
1624
1843
2000
2000
2000
2000
1372
455
2000
2000
817
1136
758
626
1022
952
2000
2000
631
562
1174
435
2000
545
544
318
1197
375
2000
2000
421
695
2000
855
765
1485
2000
327
1203
2000
394
1602
2000
2000
2000
2000
2000
2000
857
2000
1867
2000
2000
1064
174
997
1314
172
1237
2000
2000
1317
1357
383
2000
2000
2000
385
2000
898
153
2000
812
787
260
806
364
2000
2000
2000
2000
481
2000
2000
2000
2000
500
2000
1717
1671
1745
2000
948
2000
2000
434
2000
1677
794
2000
2000
336
1968
1096
850
287
577
1234
2000
2000
224
307
2000
284
1985
2000
350
186
1075
375
397
1869
2000
2000
606
2000
2000
2000
2000
1089
1067
931
1783
1061
378
2000
2000
2000
2000
2000
2000
2000
2000
877
464
1975
2000
2000
1322
737
2000
1417
2000
211
1776
1173
2000
1967
2000
2000
2000
453
565
2000
2000
1475
148
2000
2000
549
1497
777
2000
2000
524
1456
2000
172
716
2000
2000
2000
2000
229
2000
2000
419
2000
876
777
2000
2000
1123
2000
831
422
363
2000
722
2000
1332
2000
2000
2000
2000
2000
976
460
1011
417
2000
822
697
2000
2000
2000
2000
288
2000
1204
2000
600
1191
956
2000
892
233
2000
2000
496
2000
1456
2000
561
636
2000
2000
2000
2000
760
2000
2000
2000
2000
2000
162
2000
2000
2000
2000
2000
448
496
2000
961
448
2000
222
2000
1081
624
2000
1817
701
386
2000
1664
2000
852
252
2000
270
2000
590
1758
456
523
2000
2000
250
365
564
484
1874
2000
767
588
1196
2000
316
2000
425
1966
2000
671
861
2000
2000
2000
2000
2000
2000
750
2000
332
462
730
2000
1094
1678
1400
844
1010
726
386
173
468
2000
823
2000
2000
670
1560
2000
2000
2000
201
1321
1852
719
2000
1297
2000
2000
657
2000
2000
509
2000
2000
2000
2000
698
2000
2000
1674
786
409
2000
811
1018
371
2000
1555
878
2000
1559
2000
1435
2000
2000
2000
2000
2000
2000
1296
2000
1421
121
794
2000
820
346
2000
1665
668
819
1742
1571
818
2000
1801
464
431
208
1546
2000
2000
911
980
1526
2000
687
470
756
2000
1572
537
2000
523
2000
2000
2000
689
759
2000
621
765
2000
1925
226
1075
2000
798
1554
1294
696
2000
2000
803
2000
2000
2000
305
1030
2000
2000
2000
2000
528
602
2000
186
1638
280
1992
2000
2000
565
844
2000
421
307
836
2000
2000
1319
2000
355
2000
2000
229
1146
731
304
126
2000
1218
669
565
769
2000
1319
2000
787
2000
761
565
679
949
1314
2000
2000
2000
382
454
2000
2000
2000
1010
2000
2000
2000
469
1572
628
432
2000
2000
1452
484
316
2000
380
2000
626
2000
348
240
1778
836
2000
987
2000
250
2000
2000
738
1543
861
2000
1742
145
388
240
403
425
500
2000
2000
1995
1489
372
953
1169
955
169
2000
295
1037
2000
709
1633