388
100
100
493
100
102
100
120
100
2000
100
100
110
100
235
102
100
100
103
100
103
1256
455
102
2000
100
105
100
134
100
172
556
111
100
110
100
113
109
100
100
100
111
557
889
113
112
2000
1580
100
676
101
100
107
100
100
100
100
100
2000
135
100
229
125
2000
235
123
338
100
100
2000
100
100
102
100
107
187
120
110
2000
1268
178
121
100
103
100
2000
377
100
141
100
100
129
100
296
101
100
145
100
109
105
100
106
181
2000
101
2000
100
100
100
101
100
2000
2000
100
103
2000
100
100
181
139
100
200
290
100
2000
137
100
109
100
2000
2000
280
1194
103
100
100
100
546
100
131
100
100
100
100
108
100
155
100
100
100
148
101
2000
210
108
105
100
416
2000
188
114
166
100
122
105
1347
100
104
314
100
101
2000
100
100
1083
100
481
194
2000
100
105
2000
100
126
465
100
2000
394
100
142
102
370
100
100
100
108
130
100
119
100
2000
100
100
105
100
100
159
114
113
106
100
147
100
109
102
116
577
100
100
100
100
2000
100
101
100
101
100
134
100
100
852
2000
100
101
126
622
100
100
100
142
100
2000
104
649
2000
103
118
100
100
100
100
100
110
101
100
106
2000
186
100
100
100
100
100
100
1120
149
1126
158
100
101
2000
100
100
2000
102
100
100
100
180
100
199
116
100
197
100
151
138
109
100
442
100
109
104
101
2000
1349
118
387
100
100
2000
170
100
100
1171
100
2000
100
113
100
100
463
100
2000
142
100
397
347
100
100
2000
100
101
100
100
100
109
764
104
276
100
258
2000
103
100
100
100
2000
724
101
616
103
100
2000
167
101
308
100
2000
429
443
100
100
141
126
584
100
105
116
107
100
100
109
100
100
2000
100
100
497
102
113
101
100
115
100
100
100
100
189
123
1391
100
104
100
2000
100
959
100
293
214
108
2000
100
100
125
193
149
1271
100
112
2000
100
2000
106
106
2000
131
100
102
100
2000
291
100
100
102
140
149
612
339
100
104
132
100
2000
100
100
100
100
100
103
100
100
2000
101
100
301
243
543
100
141
113
100
100
104
168
100
2000
100
100
100
156
296
100
100
100
2000
100
100
117
834
2000
100
100
104
107
101
2000
1489
113
161
108
2000
424
103
100
100
2000
109
119
100
404
100
109
101
2000
101
100
100
178
107
107
100
105
2000
2000
100
158
573
135
113
2000
100
100
100
100
315
177
108
100
100
487
100
2000
100
107
100
120
277
2000
165
246
101
2000
343
100
100
130
100
203
2000
100
100
2000
100
100
2000
127
2000
100
100
100
100
100
100
100
108
100
100
100
2000
100
100
100
825
2000
100
149
2000
100
133
132
100
100
100
375
100
100
2000
100
2000
143
100
100
100
109
103
115
225
100
100
2000
100
205
200
100
125
100
100
100
100
100
2000
2000
118
100
360
108
101
108
100
135
100
100
100
100
377
100
2000
100
100
268
100
2000
100
102
150
100
2000
100
128
100
100
650
1680
2000
100
100
103
100
100
120
161
100
100
100
118
100
100
810
100
100
100
100
227
100
100
2000
1336
2000
203
100
100
136
105
101
103
100
2000
470
2000
100
184
183
113
362
100
115
115
242
1363
115
2000
100
418
130
114
2000
389
100
100
2000
100
311
145
100
2000
100
198
136
2000
100
100
122
100
100
100
2000
101
109
1931
2000
1945
102
100
2000
100
100
100
183
123
635
233
100
100
180
100
117
825
100
154
264
100
106
227
100
108
765
100
114
148
100
100
100
118
130
100
165
100
100
2000
148
101
2000
100
2000
234
100
322
2000
119
100
1710
2000
365
100
1757
100
100
100
100
262
158
1055
625
114
149
100
957
100
100
100
100
2000
185
100
102
100
2000
100
131
101
100
100
110
1793
100
100
112
100
1653
194
130
2000
100
112
604
100
100
104
152
100
100
100
100
100
252
138
100
110
100
2000
341
682
162
100
103
1734
100
100
100
921
2000
100
100
2000
100
100
104
104
101
100
100
100
101
290
114
239
424
100
104
101
1375
100
105
2000
100
100
100
100
100
100
2000
512
100
107
100
117
100
100
1708
101
100
100
100
100
100
100
100
100
157
101
500
100
100
100
100
100
100
100
100
100
100
120
2000
100
100
2000
2000
100
137
103
162
103
100
2000
718
100
100
100
100
100
2000
2000
2000
2000
101
2000
101
615
100
106
100
2000
107
136
100
118
875
139
100
1054
100
100
100
100
100
100
100
100
2000
100
393
100
100
234
100
1339
119
107
102
100
111
100
2000
519
1324
101
114
144
1055
102
133
104
100
118
158
100
105
100
100
108
104
318
100
196
683
979
101
100
2000
353
127
129
100
1450
100
578
116
100
100
168
100
100
103
127
100
100
2000
2000
100
100
319
2000
100
138
100
209
100
101
122